[0.4 0.2 0.1] -> 17494
[0.2 0.4 0.1] -> 16825
[0.2 0.6 0.1] -> 16784
[0.5 0.9 0.1] -> 16644
[0.2 1.  0.1] -> 16582
[0.6 0.3 0.1] -> 16552


[0.4 0.6 0.1] -> 16418
[0.3 0.1 0.1] -> 16415
[0.5 1.  0.1] -> 16401
[0.9 0.6 0.1] -> 16364
[0.1 0.3 0.1] -> 16336
[0.1 0.1 0.1] -> 16326
[0.2 0.9 0.1] -> 16317
[0.8 0.5 0.1] -> 16314
[0.4 0.4 0.1] -> 16277
[0.9 0.2 0.1] -> 16263
[0.2 0.7 0.1] -> 16217
[0.3 0.2 0.1] -> 16206
[0.3 0.7 0.1] -> 16118
[0.8 0.6 0.2] -> 16062
[0.6 0.2 0.1] -> 16061
[0.4 0.1 0.2] -> 16036
[0.4 0.6 0.2] -> 16033
[0.3 0.8 0.2] -> 16030
[0.3 0.1 0.2] -> 15982
[0.8 0.4 0.1] -> 15980
[0.7 0.5 0.2] -> 15978
[0.5 0.4 0.1] -> 15968
[0.4 0.8 0.1] -> 15934
[0.3 0.8 0.1] -> 15924
[0.5 0.2 0.2] -> 15915
[0.8 0.1 0.2] -> 15871
[0.9 0.1 0.2] -> 15844
[0.3 0.4 0.2] -> 15836
[0.5 0.6 0.1] -> 15835
[0.1 0.9 0.1] -> 15827
[0.5 0.5 0.1] -> 15822
[0.5 0.1 0.2] -> 15821
[0.4 0.7 0.1] -> 15803
[0.9 0.8 0.2] -> 15741
[0.5 0.6 0.2] -> 15739
[0.2 0.5 0.2] -> 15722
[0.3 0.4 0.1] -> 15708
[0.2 0.9 0.3] -> 15705
[0.2 0.2 0.2] -> 15675
[0.3 1.  0.1] -> 15650
[0.6 1.  0.1] -> 15647
[0.4 0.3 0.2] -> 15647
[0.4 0.3 0.1] -> 15645
[0.7 0.9 0.1] -> 15641
[0.6 0.9 0.1] -> 15640
[0.6 0.7 0.1] -> 15623
[0.7 0.1 0.1] -> 15619
[0.7 0.7 0.1] -> 15596
[0.3 1.  0.2] -> 15592
[0.1 0.8 0.2] -> 15591
[0.9 0.2 0.2] -> 15579
[0.3 0.6 0.1] -> 15564
[0.5 1.  0.2] -> 15524
[0.3 0.9 0.1] -> 15518
[0.3 0.7 0.3] -> 15504
[0.2 0.1 0.2] -> 15494
[0.4 0.7 0.3] -> 15492
[0.1 0.2 0.2] -> 15489
[0.4 0.8 0.3] -> 15476
[0.9 0.1 0.1] -> 15468
[0.8 0.2 0.1] -> 15455
[0.2 0.8 0.1] -> 15453
[0.1 0.4 0.1] -> 15441
[0.2 0.8 0.3] -> 15431
[0.4 1.  0.2] -> 15426
[0.2 0.4 0.2] -> 15424
[0.3 0.3 0.3] -> 15419
[0.5 0.7 0.2] -> 15418
[0.5 0.8 0.1] -> 15414
[0.3 0.9 0.2] -> 15411
[0.1 0.9 0.3] -> 15361
[0.5 0.8 0.2] -> 15349
[0.3 0.6 0.2] -> 15348
[0.7 0.3 0.3] -> 15346
[0.1 0.7 0.2] -> 15341
[0.8 0.2 0.2] -> 15327
[0.3 0.6 0.3] -> 15314
[0.1 1.  0.2] -> 15292
[0.5 0.2 0.1] -> 15289
[0.6 1.  0.2] -> 15279
[0.2 0.5 0.1] -> 15276
[0.7 0.5 0.1] -> 15265
[0.6 0.4 0.2] -> 15264
[0.2 0.9 0.2] -> 15252
[0.4 0.5 0.2] -> 15249
[0.1 0.3 0.2] -> 15218
[0.1 0.5 0.3] -> 15218
[0.4 0.8 0.2] -> 15216
[0.2 0.3 0.1] -> 15211
[0.3 0.4 0.3] -> 15211
[0.8 0.7 0.3] -> 15198
[0.4 1.  0.3] -> 15187
[0.3 0.5 0.3] -> 15186
[0.9 0.4 0.1] -> 15184
[0.1 0.4 0.3] -> 15174
[0.4 0.2 0.3] -> 15173
[0.9 0.5 0.2] -> 15172
[0.6 1.  0.3] -> 15171
[0.2 1.  0.2] -> 15169
[0.8 0.1 0.1] -> 15167
[0.3 0.1 0.3] -> 15153
[0.7 0.4 0.3] -> 15132
[0.1 1.  0.3] -> 15121
[0.3 0.2 0.2] -> 15115
[0.5 0.8 0.3] -> 15115
[0.7 0.8 0.1] -> 15112
[0.5 1.  0.3] -> 15112
[0.2 0.7 0.2] -> 15101
[0.2 0.3 0.3] -> 15093
[0.8 0.5 0.3] -> 15084
[0.9 0.3 0.1] -> 15082
[0.8 0.7 0.2] -> 15075
[0.6 0.1 0.2] -> 15061
[0.4 0.4 0.2] -> 15059
[0.1 0.6 0.3] -> 15058
[0.5 0.9 0.3] -> 15049
[0.9 0.2 0.3] -> 15033
[0.7 0.2 0.2] -> 14987
[0.3 0.8 0.4] -> 14979
[0.8 1.  0.2] -> 14969
[0.3 0.6 0.4] -> 14940
[0.2 0.4 0.3] -> 14936
[0.9 0.8 0.1] -> 14930
[0.7 0.2 0.1] -> 14904
[0.3 1.  0.3] -> 14896
[0.7 0.4 0.2] -> 14884
[0.5 0.7 0.1] -> 14875
[0.7 0.8 0.2] -> 14867
[0.1 0.3 0.3] -> 14866
[0.3 1.  0.4] -> 14866
[0.5 0.2 0.3] -> 14864
[0.8 0.6 0.1] -> 14857
[0.3 0.5 0.2] -> 14847
[0.8 0.4 0.2] -> 14839
[0.2 0.7 0.3] -> 14822
[0.1 0.4 0.2] -> 14821
[0.3 0.5 0.1] -> 14816
[0.9 0.3 0.3] -> 14815
[0.8 0.2 0.3] -> 14812
[0.1 0.4 0.4] -> 14810
[0.2 0.2 0.4] -> 14808
[0.8 0.9 0.1] -> 14806
[0.3 0.9 0.4] -> 14801
[0.4 0.5 0.1] -> 14796
[0.4 0.1 0.3] -> 14796
[0.6 0.1 0.3] -> 14791
[1.  0.5 0.2] -> 14787
[0.4 0.3 0.4] -> 14786
[0.3 0.2 0.3] -> 14768
[0.4 0.5 0.4] -> 14763
[0.3 0.1 0.4] -> 14758
[0.9 1.  0.2] -> 14747
[0.5 0.3 0.3] -> 14747
[0.2 0.2 0.1] -> 14746
[0.3 0.5 0.4] -> 14744
[0.7 0.6 0.4] -> 14732
[0.5 0.3 0.4] -> 14730
[0.1 0.7 0.1] -> 14727
[0.2 0.6 0.2] -> 14727
[0.6 0.3 0.3] -> 14725
[0.4 0.9 0.1] -> 14720
[0.6 0.6 0.2] -> 14718
[0.5 0.5 0.2] -> 14705
[0.8 0.8 0.3] -> 14701
[0.2 0.5 0.4] -> 14679
[1.  1.  0.2] -> 14676
[0.5 0.9 0.4] -> 14671
[0.1 0.1 0.3] -> 14669
[0.3 0.3 0.4] -> 14666
[0.2 0.2 0.3] -> 14661
[0.1 0.1 0.4] -> 14658
[0.5 0.5 0.4] -> 14650
[0.5 0.7 0.4] -> 14640
[0.9 0.9 0.3] -> 14635
[0.5 0.1 0.3] -> 14633
[0.4 0.8 0.4] -> 14629
[0.9 0.4 0.4] -> 14628
[0.8 0.9 0.2] -> 14625
[0.4 0.9 0.4] -> 14622
[0.5 0.3 0.2] -> 14618
[0.2 0.3 0.4] -> 14602
[0.9 0.7 0.3] -> 14593
[0.7 0.2 0.3] -> 14590
[0.2 0.9 0.4] -> 14590
[0.7 0.1 0.3] -> 14583
[0.5 0.6 0.4] -> 14574
[0.1 0.3 0.4] -> 14573
[0.5 0.3 0.1] -> 14568
[0.6 0.7 0.4] -> 14567
[0.2 0.5 0.3] -> 14565
[0.2 0.6 0.3] -> 14550
[0.4 0.2 0.4] -> 14541
[0.2 0.8 0.4] -> 14533
[0.9 0.7 0.2] -> 14523
[0.9 0.6 0.4] -> 14521
[0.1 0.7 0.4] -> 14508
[0.3 0.8 0.3] -> 14503
[0.2 1.  0.4] -> 14501
[0.8 0.7 0.4] -> 14497
[0.8 0.4 0.4] -> 14496
[0.5 0.4 0.4] -> 14493
[0.1 0.2 0.4] -> 14488
[0.8 0.6 0.3] -> 14485
[0.7 0.5 0.4] -> 14480
[0.2 0.7 0.4] -> 14479
[1.  1.  0.3] -> 14474
[0.4 0.6 0.4] -> 14461
[0.6 0.1 0.1] -> 14449
[0.2 0.1 0.3] -> 14431
[0.7 0.1 0.2] -> 14425
[0.7 1.  0.2] -> 14424
[0.4 1.  0.4] -> 14416
[0.1 0.7 0.3] -> 14398
[0.1 0.2 0.3] -> 14389
[0.4 0.4 0.3] -> 14381
[0.1 0.9 0.2] -> 14380
[0.1 0.5 0.4] -> 14371
[0.4 0.6 0.5] -> 14347
[0.7 0.8 0.4] -> 14345
[0.6 0.5 0.4] -> 14340
[0.9 0.4 0.2] -> 14335
[0.4 0.1 0.5] -> 14335
[0.7 0.6 0.3] -> 14334
[0.5 0.6 0.3] -> 14327
[0.2 0.3 0.5] -> 14326
[0.7 1.  0.3] -> 14325
[0.6 0.5 0.1] -> 14318
[0.1 1.  0.4] -> 14317
[0.9 0.5 0.1] -> 14292
[0.1 0.5 0.2] -> 14290
[0.2 0.5 0.5] -> 14266
[0.9 0.1 0.4] -> 14265
[0.9 0.6 0.2] -> 14264
[0.3 0.5 0.5] -> 14254
[0.6 0.3 0.2] -> 14248
[0.6 0.8 0.4] -> 14245
[0.4 0.1 0.4] -> 14238
[0.3 0.7 0.4] -> 14237
[0.6 0.6 0.1] -> 14230
[0.7 0.4 0.4] -> 14230
[0.6 0.4 0.3] -> 14221
[0.9 0.8 0.3] -> 14220
[0.8 0.9 0.4] -> 14208
[0.4 0.7 0.2] -> 14207
[0.6 0.2 0.4] -> 14207
[0.2 0.1 0.5] -> 14203
[0.1 0.6 0.4] -> 14202
[0.8 0.8 0.4] -> 14191
[0.8 0.1 0.5] -> 14190
[0.5 0.1 0.5] -> 14189
[0.9 0.1 0.3] -> 14177
[1.  0.2 0.1] -> 14167
[0.8 1.  0.4] -> 14158
[0.4 0.4 0.5] -> 14157
[0.1 0.6 0.1] -> 14155
[0.3 0.2 0.5] -> 14150
[1.  0.9 0.4] -> 14148
[0.4 0.3 0.5] -> 14139
[0.3 0.3 0.5] -> 14134
[0.3 0.6 0.5] -> 14129
[0.5 0.7 0.3] -> 14122
[0.7 0.3 0.4] -> 14121
[0.6 0.3 0.4] -> 14104
[0.7 0.9 0.4] -> 14104
[0.1 0.9 0.5] -> 14100
[0.7 0.3 0.5] -> 14100
[0.9 0.7 0.1] -> 14099
[0.8 0.8 0.5] -> 14095
[0.4 0.6 0.3] -> 14094
[0.9 1.  0.3] -> 14093
[0.5 0.1 0.4] -> 14062
[1.  0.8 0.4] -> 14059
[1.  0.7 0.2] -> 14055
[0.4 0.7 0.5] -> 14039
[0.4 0.5 0.5] -> 14038
[0.6 0.2 0.3] -> 14035
[0.5 0.9 0.5] -> 14025
[0.5 0.4 0.5] -> 14021
[0.7 0.2 0.5] -> 14020
[0.5 0.8 0.4] -> 14010
[1.  0.1 0.1] -> 14009
[0.4 1.  0.5] -> 14000
[0.7 0.9 0.5] -> 13991
[0.6 0.9 0.5] -> 13985
[0.2 1.  0.5] -> 13981
[0.4 0.1 0.1] -> 13979
[0.8 0.6 0.5] -> 13978
[0.1 0.8 0.5] -> 13969
[0.9 0.9 0.1] -> 13968
[0.2 0.8 0.5] -> 13961
[1.  0.5 0.1] -> 13952
[0.2 0.9 0.5] -> 13951
[0.7 0.2 0.4] -> 13947
[0.1 0.4 0.5] -> 13937
[0.3 0.9 0.3] -> 13930
[0.1 0.5 0.5] -> 13921
[0.5 0.5 0.5] -> 13914
[0.8 0.3 0.4] -> 13908
[0.4 0.9 0.2] -> 13904
[0.5 1.  0.4] -> 13890
[1.  0.3 0.3] -> 13880
[0.6 0.4 0.5] -> 13880
[0.7 0.8 0.3] -> 13868
[0.1 0.7 0.5] -> 13857
[0.3 0.6 0.6] -> 13856
[0.4 0.4 0.4] -> 13855
[0.8 0.7 0.5] -> 13853
[0.7 1.  0.4] -> 13839
[0.8 0.9 0.5] -> 13839
[0.2 0.3 0.2] -> 13827
[0.2 0.7 0.5] -> 13824
[0.9 0.3 0.4] -> 13819
[0.1 0.1 0.5] -> 13818
[1.  0.8 0.5] -> 13815
[0.2 0.7 0.6] -> 13806
[0.1 0.7 0.6] -> 13803
[0.8 0.6 0.4] -> 13797
[0.6 0.6 0.5] -> 13784
[0.6 0.4 0.1] -> 13773
[0.8 0.9 0.3] -> 13748
[0.9 0.9 0.2] -> 13737
[0.1 0.8 0.4] -> 13737
[0.3 0.7 0.5] -> 13732
[0.7 0.7 0.5] -> 13727
[0.6 0.5 0.2] -> 13726
[0.6 0.8 0.1] -> 13715
[0.5 0.3 0.5] -> 13704
[0.3 0.9 0.5] -> 13696
[0.4 0.5 0.6] -> 13688
[0.1 0.9 0.4] -> 13680
[0.1 0.2 0.5] -> 13680
[0.5 0.7 0.6] -> 13665
[0.3 0.1 0.5] -> 13663
[1.  0.4 0.5] -> 13662
[0.4 0.2 0.6] -> 13662
[0.5 0.4 0.2] -> 13658
[0.4 0.4 0.6] -> 13655
[0.4 0.7 0.6] -> 13654
[0.8 0.4 0.5] -> 13635
[0.8 0.3 0.2] -> 13633
[0.2 0.6 0.5] -> 13629
[0.3 0.2 0.6] -> 13629
[0.7 0.4 0.1] -> 13627
[0.1 0.4 0.6] -> 13621
[0.9 0.6 0.5] -> 13602
[0.7 0.6 0.2] -> 13597
[0.9 0.4 0.5] -> 13597
[1.  0.1 0.4] -> 13594
[0.6 0.6 0.4] -> 13591
[0.6 1.  0.4] -> 13589
[0.9 0.4 0.6] -> 13587
[0.3 0.4 0.5] -> 13584
[0.3 0.1 0.6] -> 13572
[0.7 0.7 0.3] -> 13567
[0.7 0.7 0.4] -> 13567
[0.9 0.5 0.4] -> 13562
[0.5 0.3 0.6] -> 13555
[0.2 0.1 0.4] -> 13553
[0.8 0.5 0.4] -> 13549
[0.1 0.3 0.6] -> 13543
[0.6 0.3 0.5] -> 13538
[0.8 0.7 0.6] -> 13527
[0.5 0.2 0.5] -> 13519
[0.6 0.5 0.3] -> 13512
[0.1 0.1 0.6] -> 13512
[0.4 1.  0.6] -> 13512
[0.2 0.4 0.6] -> 13501
[0.2 0.1 0.6] -> 13494
[0.9 0.8 0.6] -> 13492
[0.6 0.9 0.2] -> 13487
[0.9 0.8 0.4] -> 13486
[0.3 0.3 0.6] -> 13485
[0.7 0.6 0.5] -> 13482
[0.9 0.2 0.5] -> 13477
[0.7 0.7 0.6] -> 13477
[0.8 0.6 0.6] -> 13477
[0.4 0.5 0.3] -> 13475
[0.7 1.  0.6] -> 13472
[0.1 0.5 0.1] -> 13469
[0.8 1.  0.3] -> 13465
[0.9 1.  0.4] -> 13464
[0.4 0.2 0.2] -> 13457
[0.3 1.  0.5] -> 13455
[0.5 0.5 0.3] -> 13452
[0.4 0.9 0.6] -> 13452
[1.  0.2 0.3] -> 13448
[0.9 0.1 0.6] -> 13446
[0.1 0.8 0.6] -> 13435
[0.1 0.5 0.6] -> 13433
[1.  0.2 0.4] -> 13431
[0.5 0.8 0.6] -> 13420
[1.  0.3 0.4] -> 13414
[0.5 0.1 0.6] -> 13406
[0.6 0.8 0.5] -> 13379
[0.4 0.9 0.5] -> 13369
[0.4 0.8 0.5] -> 13366
[0.1 0.6 0.2] -> 13364
[0.2 0.8 0.2] -> 13363
[0.8 0.5 0.6] -> 13362
[0.7 0.5 0.6] -> 13361
[0.8 0.2 0.6] -> 13358
[0.1 0.9 0.6] -> 13357
[0.4 0.6 0.6] -> 13354
[0.7 0.9 0.6] -> 13354
[0.2 0.3 0.6] -> 13352
[0.6 0.6 0.3] -> 13351
[0.6 0.9 0.6] -> 13345
[0.2 0.2 0.6] -> 13337
[0.3 0.7 0.2] -> 13330
[0.4 0.7 0.4] -> 13328
[0.2 0.6 0.6] -> 13323
[0.7 0.4 0.6] -> 13323
[1.  1.  0.5] -> 13306
[1.  0.5 0.5] -> 13294
[0.9 0.8 0.5] -> 13288
[0.7 1.  0.1] -> 13283
[0.8 0.7 0.1] -> 13273
[0.5 0.2 0.6] -> 13269
[0.9 1.  0.6] -> 13267
[0.9 0.5 0.5] -> 13256
[0.5 0.2 0.4] -> 13247
[0.9 0.3 0.6] -> 13242
[0.7 0.1 0.6] -> 13241
[0.1 1.  0.1] -> 13233
[0.6 1.  0.5] -> 13232
[1.  0.7 0.5] -> 13231
[0.7 0.6 0.6] -> 13225
[0.3 1.  0.6] -> 13213
[0.8 0.2 0.5] -> 13211
[0.2 0.2 0.5] -> 13199
[0.3 0.8 0.5] -> 13193
[0.9 0.6 0.6] -> 13189
[0.8 0.4 0.6] -> 13180
[0.5 0.4 0.6] -> 13157
[0.8 0.1 0.4] -> 13151
[0.7 0.3 0.6] -> 13151
[0.9 0.7 0.5] -> 13146
[0.7 0.8 0.6] -> 13146
[0.3 0.8 0.7] -> 13146
[0.9 0.9 0.6] -> 13144
[0.6 0.6 0.6] -> 13135
[0.3 0.4 0.7] -> 13135
[1.  0.2 0.2] -> 13132
[0.2 0.4 0.7] -> 13114
[0.7 0.1 0.5] -> 13111
[0.5 1.  0.6] -> 13106
[0.6 0.2 0.6] -> 13090
[1.  0.5 0.4] -> 13086
[1.  0.8 0.3] -> 13080
[0.6 0.6 0.7] -> 13069
[0.7 1.  0.7] -> 13068
[0.5 0.9 0.2] -> 13066
[0.7 0.5 0.5] -> 13058
[1.  0.6 0.6] -> 13056
[0.4 0.8 0.7] -> 13055
[0.5 1.  0.5] -> 13051
[0.2 1.  0.6] -> 13047
[0.6 0.1 0.4] -> 13042
[0.2 0.5 0.6] -> 13034
[1.  0.9 0.5] -> 13019
[0.6 0.1 0.6] -> 13005
[0.2 1.  0.7] -> 13002
[0.1 0.6 0.5] -> 12996
[0.3 0.4 0.6] -> 12994
[0.9 0.5 0.6] -> 12992
[0.8 0.1 0.6] -> 12989
[0.1 0.3 0.5] -> 12981
[0.9 0.2 0.6] -> 12974
[0.5 0.9 0.7] -> 12968
[0.9 0.9 0.5] -> 12963
[0.5 0.6 0.7] -> 12962
[0.5 0.2 0.7] -> 12960
[0.1 0.6 0.6] -> 12954
[0.2 0.8 0.6] -> 12951
[1.  0.7 0.4] -> 12950
[0.2 0.9 0.6] -> 12940
[0.1 1.  0.7] -> 12940
[0.2 0.5 0.7] -> 12938
[0.2 0.9 0.7] -> 12930
[0.2 0.8 0.7] -> 12928
[0.5 0.6 0.6] -> 12923
[0.3 0.1 0.7] -> 12923
[1.  0.4 0.4] -> 12922
[0.8 0.8 0.7] -> 12918
[0.4 0.2 0.7] -> 12916
[0.8 0.1 0.3] -> 12914
[0.1 0.8 0.7] -> 12912
[0.3 1.  0.7] -> 12912
[0.1 0.4 0.7] -> 12911
[0.4 0.1 0.6] -> 12905
[0.8 0.3 0.7] -> 12896
[0.3 0.2 0.7] -> 12891
[0.6 0.7 0.2] -> 12890
[0.8 0.7 0.7] -> 12879
[0.7 1.  0.5] -> 12877
[1.  0.1 0.5] -> 12874
[0.5 0.8 0.5] -> 12872
[0.5 1.  0.7] -> 12869
[0.4 0.9 0.7] -> 12863
[0.9 0.6 0.7] -> 12856
[0.9 0.7 0.4] -> 12851
[0.1 0.1 0.7] -> 12848
[0.3 0.5 0.7] -> 12846
[0.8 0.9 0.7] -> 12842
[0.2 0.1 0.7] -> 12841
[0.4 0.1 0.7] -> 12841
[0.5 0.5 0.7] -> 12841
[0.7 0.2 0.7] -> 12836
[0.6 0.8 0.7] -> 12828
[0.2 0.6 0.4] -> 12826
[0.3 0.7 0.7] -> 12826
[0.8 0.5 0.7] -> 12826
[0.8 0.1 0.7] -> 12825
[0.3 0.9 0.6] -> 12824
[0.8 0.8 0.6] -> 12812
[1.  0.5 0.6] -> 12810
[1.  0.1 0.3] -> 12806
[0.9 1.  0.7] -> 12806
[0.2 0.6 0.7] -> 12805
[0.2 0.7 0.7] -> 12804
[0.1 0.2 0.7] -> 12800
[0.3 0.6 0.7] -> 12796
[0.6 1.  0.7] -> 12793
[0.2 0.2 0.7] -> 12790
[0.4 0.5 0.7] -> 12785
[0.7 0.6 0.7] -> 12777
[0.6 0.8 0.3] -> 12774
[0.6 0.3 0.7] -> 12763
[0.9 0.4 0.7] -> 12762
[0.9 0.2 0.7] -> 12753
[0.1 0.5 0.7] -> 12752
[1.  0.4 0.6] -> 12744
[0.5 0.8 0.7] -> 12742
[0.8 0.2 0.7] -> 12736
[0.9 0.3 0.7] -> 12736
[1.  1.  0.4] -> 12710
[0.6 0.5 0.6] -> 12710
[0.9 0.8 0.7] -> 12709
[0.7 0.7 0.7] -> 12708
[0.1 0.1 0.2] -> 12707
[1.  0.4 0.2] -> 12706
[0.3 0.3 0.7] -> 12705
[0.7 0.1 0.4] -> 12704
[0.7 0.9 0.7] -> 12700
[0.8 0.9 0.6] -> 12696
[0.8 1.  0.7] -> 12696
[0.1 0.7 0.7] -> 12695
[0.7 0.3 0.1] -> 12688
[0.1 0.8 0.3] -> 12679
[1.  0.2 0.5] -> 12678
[0.1 1.  0.6] -> 12669
[1.  0.8 0.1] -> 12664
[0.9 0.6 0.3] -> 12656
[0.4 0.3 0.7] -> 12654
[0.1 0.2 0.1] -> 12652
[0.7 0.4 0.5] -> 12644
[0.1 0.2 0.6] -> 12643
[0.4 0.6 0.7] -> 12643
[0.7 0.4 0.7] -> 12643
[0.1 1.  0.5] -> 12609
[0.7 0.1 0.7] -> 12601
[0.9 0.7 0.7] -> 12591
[1.  0.6 0.4] -> 12590
[0.1 0.6 0.7] -> 12588
[0.6 0.1 0.7] -> 12583
[0.6 0.2 0.2] -> 12564
[0.5 0.4 0.3] -> 12562
[0.6 0.2 0.7] -> 12542
[0.2 0.7 0.8] -> 12533
[0.8 0.4 0.7] -> 12518
[1.  0.3 0.6] -> 12490
[1.  0.9 0.2] -> 12487
[0.4 0.9 0.3] -> 12485
[0.2 0.3 0.7] -> 12484
[0.4 0.7 0.7] -> 12475
[1.  0.6 0.1] -> 12472
[1.  0.9 0.6] -> 12467
[0.5 0.1 0.7] -> 12445
[0.1 0.9 0.8] -> 12438
[1.  1.  0.7] -> 12430
[0.6 0.8 0.6] -> 12418
[0.4 0.4 0.7] -> 12416
[0.3 0.2 0.4] -> 12408
[1.  0.6 0.7] -> 12404
[0.8 1.  0.6] -> 12403
[0.8 0.5 0.8] -> 12394
[0.1 0.4 0.8] -> 12390
[0.4 0.4 0.8] -> 12389
[0.8 0.2 0.4] -> 12388
[0.3 0.4 0.8] -> 12374
[0.2 0.1 0.8] -> 12368
[0.2 0.2 0.8] -> 12368
[0.7 0.3 0.8] -> 12368
[0.9 1.  0.1] -> 12365
[0.3 0.8 0.8] -> 12357
[0.5 0.3 0.7] -> 12354
[0.5 0.4 0.7] -> 12354
[0.6 0.9 0.7] -> 12345
[0.9 0.9 0.7] -> 12345
[0.5 0.8 0.8] -> 12345
[0.6 0.5 0.8] -> 12342
[0.1 0.3 0.8] -> 12341
[0.3 0.1 0.8] -> 12336
[0.9 0.3 0.8] -> 12327
[0.4 0.3 0.3] -> 12326
[0.2 0.8 0.8] -> 12324
[0.5 0.7 0.7] -> 12317
[0.8 0.4 0.3] -> 12316
[0.3 1.  0.8] -> 12312
[1.  0.8 0.6] -> 12298
[0.2 0.6 0.8] -> 12292
[0.4 1.  0.8] -> 12290
[0.6 0.9 0.4] -> 12282
[0.5 0.1 0.8] -> 12272
[0.2 0.4 0.5] -> 12271
[0.6 0.9 0.8] -> 12264
[0.8 0.1 0.8] -> 12264
[0.1 0.6 0.8] -> 12262
[0.1 0.8 0.8] -> 12262
[0.5 1.  0.8] -> 12261
[1.  0.1 0.7] -> 12242
[0.9 0.7 0.8] -> 12241
[0.7 0.6 0.8] -> 12240
[0.3 0.6 0.8] -> 12239
[1.  0.6 0.2] -> 12237
[1.  0.9 0.3] -> 12233
[0.6 0.5 0.7] -> 12230
[0.6 0.6 0.8] -> 12230
[0.9 0.3 0.2] -> 12228
[0.2 0.5 0.8] -> 12228
[1.  0.8 0.2] -> 12226
[0.1 0.9 0.7] -> 12223
[0.4 0.1 0.8] -> 12222
[0.2 0.9 0.8] -> 12218
[0.6 0.4 0.8] -> 12215
[1.  0.7 0.7] -> 12213
[0.1 0.5 0.8] -> 12208
[0.9 0.6 0.8] -> 12208
[0.7 0.9 0.8] -> 12198
[0.5 0.3 0.8] -> 12197
[0.4 0.6 0.8] -> 12196
[0.7 0.5 0.8] -> 12192
[0.2 0.4 0.4] -> 12184
[1.  0.3 0.5] -> 12177
[0.1 1.  0.8] -> 12172
[0.1 0.3 0.7] -> 12166
[0.8 0.5 0.2] -> 12155
[0.2 0.4 0.8] -> 12147
[0.3 0.4 0.4] -> 12141
[0.8 0.7 0.8] -> 12141
[0.8 1.  0.8] -> 12141
[0.8 0.8 0.8] -> 12139
[0.1 0.1 0.8] -> 12125
[0.9 0.4 0.8] -> 12117
[0.5 0.5 0.6] -> 12116
[0.6 0.2 0.8] -> 12109
[1.  0.7 0.6] -> 12099
[0.9 0.5 0.7] -> 12098
[0.8 0.9 0.8] -> 12090
[1.  0.4 0.7] -> 12084
[0.2 1.  0.8] -> 12079
[0.5 0.2 0.8] -> 12078
[0.3 0.3 0.8] -> 12076
[1.  0.1 0.6] -> 12069
[0.7 0.2 0.8] -> 12068
[1.  0.5 0.3] -> 12063
[0.5 0.7 0.5] -> 12060
[0.8 0.3 0.3] -> 12053
[0.9 0.1 0.8] -> 12052
[0.7 0.9 0.2] -> 12046
[0.7 0.4 0.8] -> 12043
[0.3 0.7 0.8] -> 12039
[0.1 0.2 0.8] -> 12038
[0.6 1.  0.6] -> 12037
[0.7 0.3 0.2] -> 12036
[0.5 0.9 0.8] -> 12035
[0.4 0.8 0.8] -> 12034
[0.9 0.1 0.7] -> 12032
[0.7 0.8 0.5] -> 12031
[0.9 0.5 0.8] -> 12027
[0.4 0.7 0.8] -> 12021
[0.6 0.3 0.8] -> 12021
[0.7 0.8 0.7] -> 12014
[0.3 0.8 0.6] -> 12002
[0.9 0.8 0.8] -> 11994
[0.3 0.9 0.8] -> 11991
[0.9 0.9 0.8] -> 11980
[0.6 0.2 0.5] -> 11977
[0.9 1.  0.5] -> 11975
[0.9 0.1 0.5] -> 11963
[0.7 1.  0.8] -> 11960
[1.  0.6 0.5] -> 11953
[0.7 0.7 0.2] -> 11943
[0.8 0.5 0.5] -> 11943
[0.9 0.5 0.3] -> 11941
[0.3 0.7 0.6] -> 11937
[0.8 0.3 0.5] -> 11929
[1.  0.2 0.6] -> 11928
[1.  0.4 0.3] -> 11915
[1.  0.7 0.8] -> 11913
[0.9 0.2 0.8] -> 11912
[0.2 0.3 0.8] -> 11906
[0.1 0.7 0.8] -> 11905
[0.5 0.6 0.5] -> 11901
[0.4 0.3 0.6] -> 11897
[0.5 0.9 0.6] -> 11896
[0.6 0.7 0.8] -> 11895
[1.  0.9 0.7] -> 11889
[1.  0.2 0.8] -> 11887
[0.6 0.8 0.8] -> 11878
[0.8 1.  0.1] -> 11874
[1.  0.3 0.2] -> 11864
[0.4 0.5 0.8] -> 11861
[0.6 0.5 0.5] -> 11854
[0.6 0.1 0.8] -> 11837
[0.6 0.7 0.7] -> 11834
[1.  0.3 0.8] -> 11834
[1.  0.3 0.7] -> 11828
[0.4 0.2 0.5] -> 11827
[1.  0.4 0.8] -> 11827
[0.5 0.4 0.8] -> 11822
[0.6 0.4 0.6] -> 11812
[1.  1.  0.8] -> 11811
[0.7 0.2 0.6] -> 11807
[1.  0.5 0.7] -> 11805
[0.8 0.3 0.6] -> 11794
[0.3 0.3 0.2] -> 11788
[0.7 0.1 0.8] -> 11788
[0.4 0.2 0.8] -> 11784
[0.8 0.4 0.8] -> 11784
[0.6 0.7 0.5] -> 11783
[1.  0.8 0.7] -> 11778
[0.3 0.5 0.6] -> 11777
[0.5 0.5 0.8] -> 11771
[0.7 0.5 0.3] -> 11761
[0.9 0.9 0.4] -> 11754
[0.3 0.9 0.7] -> 11747
[1.  0.9 0.8] -> 11742
[0.4 0.8 0.6] -> 11735
[0.8 1.  0.5] -> 11734
[0.3 0.4 0.9] -> 11712
[0.6 0.3 0.6] -> 11710
[0.9 0.9 0.9] -> 11704
[0.1 0.7 0.9] -> 11700
[0.6 0.4 0.7] -> 11669
[0.4 0.8 0.9] -> 11667
[1.  0.1 0.8] -> 11661
[0.4 0.9 0.9] -> 11656
[0.3 1.  0.9] -> 11654
[0.2 1.  0.9] -> 11649
[0.4 1.  0.7] -> 11636
[0.7 0.8 0.8] -> 11631
[0.8 0.8 0.9] -> 11630
[0.4 1.  0.9] -> 11627
[1.  0.5 0.8] -> 11624
[1.  1.  0.1] -> 11623
[0.9 0.3 0.5] -> 11621
[0.2 0.2 0.9] -> 11618
[0.1 0.8 0.9] -> 11603
[0.4 0.7 0.9] -> 11597
[0.1 0.5 0.9] -> 11594
[0.8 0.6 0.9] -> 11593
[0.5 0.2 0.9] -> 11588
[0.7 0.8 0.9] -> 11588
[0.4 0.5 0.9] -> 11587
[0.7 0.7 0.9] -> 11587
[0.8 0.4 0.9] -> 11581
[0.6 0.2 0.9] -> 11572
[0.1 0.4 0.9] -> 11569
[0.3 0.2 0.9] -> 11568
[0.5 0.6 0.8] -> 11563
[0.2 0.6 0.9] -> 11562
[0.5 0.7 0.8] -> 11559
[0.8 0.9 0.9] -> 11550
[0.4 0.2 0.9] -> 11549
[0.3 0.3 0.9] -> 11548
[1.  0.2 0.7] -> 11539
[0.8 0.5 0.9] -> 11538
[0.2 0.3 0.9] -> 11537
[0.5 0.9 0.9] -> 11537
[0.2 0.9 0.9] -> 11534
[0.8 0.6 0.8] -> 11532
[0.6 0.9 0.9] -> 11528
[0.9 0.3 0.9] -> 11525
[0.8 0.7 0.9] -> 11524
[0.8 0.3 0.1] -> 11520
[0.5 0.6 0.9] -> 11520
[0.7 0.7 0.8] -> 11516
[1.  0.8 0.8] -> 11514
[0.8 0.2 0.9] -> 11514
[0.2 0.7 0.9] -> 11512
[0.3 0.5 0.9] -> 11503
[0.5 1.  0.9] -> 11502
[0.5 0.8 0.9] -> 11501
[0.1 1.  0.9] -> 11499
[0.9 0.4 0.9] -> 11495
[0.4 0.9 0.8] -> 11494
[0.6 0.3 0.9] -> 11489
[0.6 0.4 0.4] -> 11488
[1.  0.6 0.8] -> 11485
[0.7 0.5 0.7] -> 11479
[0.6 0.4 0.9] -> 11478
[0.8 0.3 0.8] -> 11470
[0.2 0.5 0.9] -> 11468
[0.6 1.  0.8] -> 11463
[0.9 0.7 0.6] -> 11459
[0.7 0.2 0.9] -> 11457
[0.6 0.1 0.5] -> 11456
[0.3 0.5 0.8] -> 11454
[0.9 0.1 0.9] -> 11447
[0.7 0.6 0.9] -> 11445
[0.6 0.8 0.2] -> 11438
[0.8 0.6 0.7] -> 11438
[1.  0.3 0.9] -> 11428
[0.7 0.9 0.3] -> 11425
[0.5 0.3 0.9] -> 11425
[0.6 0.8 0.9] -> 11421
[0.1 0.8 0.1] -> 11417
[0.7 0.3 0.7] -> 11411
[1.  0.5 0.9] -> 11407
[0.9 0.2 0.4] -> 11406
[0.9 0.5 0.9] -> 11405
[0.1 0.2 0.9] -> 11398
[0.1 0.1 0.9] -> 11391
[0.9 0.4 0.3] -> 11388
[1.  0.1 0.9] -> 11388
[0.6 0.7 0.6] -> 11386
[0.2 0.4 0.9] -> 11385
[0.5 0.5 0.9] -> 11383
[0.6 0.6 0.9] -> 11379
[0.6 0.7 0.3] -> 11375
[0.1 0.9 0.9] -> 11371
[0.1 0.3 0.9] -> 11367
[0.4 0.3 0.9] -> 11362
[0.3 0.6 0.9] -> 11361
[0.9 0.7 0.9] -> 11360
[0.3 0.7 0.9] -> 11352
[1.  0.4 0.9] -> 11350
[0.5 0.7 0.9] -> 11341
[1.  0.6 0.9] -> 11336
[0.7 0.5 0.9] -> 11329
[1.  0.7 0.9] -> 11328
[0.9 1.  0.9] -> 11322
[0.3 0.2 0.8] -> 11319
[0.7 0.9 0.9] -> 11318
[1.  1.  0.6] -> 11314
[0.1 0.6 0.9] -> 11313
[0.7 0.3 0.9] -> 11310
[1.  0.9 0.9] -> 11306
[1.  1.  0.9] -> 11306
[0.7 0.4 0.9] -> 11304
[0.9 1.  0.8] -> 11303
[0.6 0.9 0.3] -> 11299
[0.6 0.7 0.9] -> 11294
[1.  0.2 0.9] -> 11293
[0.8 0.2 0.8] -> 11282
[0.9 0.8 0.9] -> 11271
[0.4 0.6 0.9] -> 11269
[1.  0.9 0.1] -> 11250
[0.3 0.9 0.9] -> 11245
[0.6 1.  0.9] -> 11243
[0.3 0.1 0.9] -> 11241
[0.2 1.  0.3] -> 11230
[1.  0.7 0.3] -> 11224
[0.2 0.8 0.9] -> 11222
[0.4 0.4 0.9] -> 11221
[0.8 0.1 0.9] -> 11221
[0.4 0.1 0.9] -> 11211
[0.2 0.1 0.9] -> 11202
[0.2 0.1 0.1] -> 11186
[0.9 0.6 0.9] -> 11172
[0.7 0.1 0.9] -> 11168
[1.  0.8 0.9] -> 11167
[0.6 0.5 0.9] -> 11137
[0.6 0.1 0.9] -> 11130
[0.9 0.2 0.9] -> 11122
[0.5 0.4 0.9] -> 11121
[0.2 0.2 1. ] -> 11101
[0.3 0.8 0.9] -> 11099
[0.4 0.3 0.8] -> 11091
[0.7 1.  0.9] -> 11080
[0.5 0.1 0.9] -> 11075
[0.8 0.3 0.9] -> 11063
[0.8 1.  0.9] -> 11053
[0.7 0.6 0.1] -> 11052
[0.4 0.4 1. ] -> 11020
[0.3 0.9 1. ] -> 11006
[0.5 1.  1. ] -> 11004
[0.6 0.6 1. ] -> 11001
[0.1 1.  1. ] -> 11000
[1.  0.4 1. ] -> 10998
[0.1 0.2 1. ] -> 10973
[1.  0.8 1. ] -> 10973
[0.5 0.9 1. ] -> 10970
[0.5 0.1 0.1] -> 10965
[0.4 0.8 1. ] -> 10957
[0.4 1.  1. ] -> 10950
[0.5 0.4 1. ] -> 10950
[0.2 0.8 1. ] -> 10949
[0.4 0.5 1. ] -> 10939
[0.1 0.9 1. ] -> 10921
[0.1 0.6 1. ] -> 10919
[0.1 0.3 1. ] -> 10917
[0.4 0.7 1. ] -> 10916
[0.9 0.2 1. ] -> 10914
[0.6 0.8 1. ] -> 10912
[0.9 1.  1. ] -> 10904
[0.3 0.3 1. ] -> 10900
[0.3 0.4 1. ] -> 10899
[0.7 1.  1. ] -> 10899
[0.1 0.7 1. ] -> 10898
[0.3 0.5 1. ] -> 10892
[0.7 0.5 1. ] -> 10890
[0.1 0.5 1. ] -> 10889
[0.4 0.9 1. ] -> 10889
[0.3 0.2 1. ] -> 10887
[0.3 0.8 1. ] -> 10883
[0.6 0.7 1. ] -> 10878
[0.8 0.3 1. ] -> 10878
[0.9 0.5 1. ] -> 10873
[0.5 0.7 1. ] -> 10869
[0.3 0.1 1. ] -> 10865
[0.9 0.9 1. ] -> 10864
[0.5 0.6 1. ] -> 10861
[0.7 0.6 1. ] -> 10860
[0.9 0.7 1. ] -> 10860
[0.3 1.  1. ] -> 10857
[0.6 0.9 1. ] -> 10857
[1.  0.7 1. ] -> 10855
[0.7 0.8 1. ] -> 10853
[0.6 0.4 1. ] -> 10852
[0.5 0.5 1. ] -> 10850
[0.2 0.7 1. ] -> 10849
[1.  0.3 1. ] -> 10845
[0.9 0.6 1. ] -> 10841
[0.7 0.4 1. ] -> 10836
[0.6 0.1 1. ] -> 10835
[0.7 0.3 1. ] -> 10835
[0.8 0.5 1. ] -> 10835
[0.7 0.9 1. ] -> 10834
[0.5 0.3 1. ] -> 10832
[0.2 0.4 1. ] -> 10829
[0.2 0.3 1. ] -> 10826
[0.8 0.7 1. ] -> 10823
[0.3 0.7 1. ] -> 10821
[0.8 0.6 1. ] -> 10821
[1.  0.5 1. ] -> 10813
[0.2 0.9 1. ] -> 10812
[0.6 0.5 1. ] -> 10811
[0.8 0.1 1. ] -> 10807
[0.4 0.2 1. ] -> 10803
[0.9 0.3 1. ] -> 10803
[0.8 0.9 1. ] -> 10801
[0.3 0.6 1. ] -> 10796
[0.6 0.3 1. ] -> 10796
[0.7 0.2 1. ] -> 10791
[1.  0.2 1. ] -> 10791
[0.2 0.6 1. ] -> 10786
[0.8 0.4 1. ] -> 10781
[0.4 0.3 1. ] -> 10779
[0.1 0.4 1. ] -> 10778
[1.  0.9 1. ] -> 10775
[0.4 0.1 1. ] -> 10774
[0.7 0.7 1. ] -> 10774
[0.8 0.8 1. ] -> 10772
[0.7 0.1 1. ] -> 10770
[0.9 0.8 1. ] -> 10765
[0.2 1.  1. ] -> 10763
[0.5 0.2 1. ] -> 10761
[0.5 0.8 1. ] -> 10754
[0.8 1.  1. ] -> 10751
[1. 1. 1.] -> 10745
[0.6 0.2 1. ] -> 10738
[0.8 0.2 1. ] -> 10737
[1.  0.1 1. ] -> 10718
[0.6 1.  1. ] -> 10714
[0.5 0.1 1. ] -> 10713
[1.  0.6 1. ] -> 10705
[0.9 0.1 1. ] -> 10704
[0.2 0.5 1. ] -> 10700
[0.4 0.6 1. ] -> 10692
[0.9 0.4 1. ] -> 10692
[0.1 0.8 1. ] -> 10662
[1.  0.6 0.3] -> 10642
[0.2 0.1 1. ] -> 10642
[0.1 0.1 1. ] -> 10636
[0.8 0.8 0.2] -> 10523
[0.3 0.3 0.1] -> 10293
[1.  0.4 0.1] -> 9958
[1.  0.7 0.1] -> 9929
[1.  0.3 0.1] -> 9925
[0.4 1.  0.1] -> 9751
[1.  0.1 0.2] -> 9653
[0.8 0.8 0.1] -> 8601
